273,3
273,2
273,1
273,0
272,3
272,2
272,1
272,0
271,5
271,4
271,3
271,2
271,1
271,0
270,3
270,2
270,1
270,0
269,9
269,8
269,7
269,6
269,5
269,4
269,3
269,2
269,1
269,0
268,5
268,4
268,3
268,2
268,1
268,0
267,4
267,3
267,2
267,1
267,0
266,13
266,12
266,11
266,10
266,9
266,8
266,7
266,6
266,5
266,4
266,3
266,2
266,1
266,0
265,3
265,2
265,1
265,0
264,3
264,2
264,1
264,0
263,4
263,3
263,2
263,1
263,0
262,3
262,2
262,1
262,0
261,3
261,2
261,1
261,0
260,6
260,5
260,4
260,3
260,2
260,1
260,0
259,12
259,11
259,10
259,9
259,8
259,7
259,6
259,5
259,4
259,3
259,2
259,1
259,0
258,5
258,4
258,3
258,2
258,1
258,0
257,5
257,4
257,3
257,2
257,1
257,0
256,4
256,3
256,2
256,1
256,0
255,5
255,4
255,3
255,2
255,1
255,0
254,5
254,4
254,3
254,2
254,1
254,0
253,3
253,2
253,1
253,0
252,4
252,3
252,2
252,1
252,0
251,3
251,2
251,1
251,0
250,3
250,2
250,1
250,0
249,4
249,3
249,2
249,1
249,0
248,4
248,3
248,2
248,1
248,0
247,6
247,5
247,4
247,3
247,2
247,1
247,0
246,9
246,8
246,7
246,6
246,5
246,4
246,3
246,2
246,1
246,0
245,4
245,3
245,2
245,1
245,0
244,5
244,4
244,3
244,2
244,1
244,0
7,3
5,68
5,66
5,65
5,64
5,35
5,34
5,33
5,32
5,31
5,30
5,29
5,28
5,27
5,26
5,25
5,24
5,23
5,22
5,21
5,20
5,18
5,17
5,16
5,15
5,14
5,12
5,11
5,10
5,9
5,8
5,7
5,5
5,4
5,3
4,5
4,4
4,3
3,2
3,0
2,2
2,0
1,2
1,0
0,255
0,203
0,202
0,201
0,199
0,198
0,197
0,196
0,194
0,193
274,0
274,1
274,3
275,0
275,2
275,3
276,1
276,3
277,0
277,2
277,3
278,1
278,3
279,0
279,2
279,3
279,5
279,6
279,8
280,0
280,1
280,3
280,4
281,0
281,2
281,3
282,0
282,1
282,3
282,4
283,0
283,2
283,3
284,1
284,2
285,0
285,2
285,3
286,0
286,1
286,3
286,4
287,1
287,3
287,4
288,1
288,2
289,0
289,2
289,3
290,0
290,1
290,3
291,1
291,2
291,4
292,0
292,2
292,3
292,5
292,7
292,8
293,0
293,1
293,3
293,5
293,6
294,1
294,2
295,0
295,1
295,3
296,1
296,2
296,4
296,5
297,0
297,2
297,3
298,1
298,2
298,4
298,5
298,7
299,1
299,2
300,0
300,1
300,3
301,1
301,2
301,4
302,0
302,2
302,4
302,5
303,1
303,2
304,0
304,1
304,3
305,0
305,1
305,3
305,4
306,1
306,3
307,0
307,2
307,3
308,0
308,1
308,3
308,5
308,6
308,8
308,9
309,1
309,3
309,4
310,0
310,1
310,3
310,4
311,0
311,2
311,3
312,0
312,1
312,3
313,1
313,2
313,4
313,5
313,7
313,8
314,0
314,2
314,3
314,5
315,0
315,2
315,4
316,0
316,2
316,3
317,1
317,3
318,0
318,2
318,3
319,1
319,2
319,4
319,6
319,7
320,1
320,2
320,4
320,6
321,0
321,2
321,3
322,1
322,2
322,4
323,1
323,2
324,0
324,1
324,3
325,0
325,1
325,3
325,4
326,1
326,2
326,4
327,0
327,1
327,3
327,4
328,1
328,3
328,4
329,1
329,2
330,0
330,2
330,3
331,1
331,2
331,4
332,0
332,2
333,0
333,1
333,3
334,0
334,2
334,4
335,0
335,2
335,3
336,0
336,1
336,3
336,5
336,6
337,1
337,2
337,4
337,6
337,7
337,9
337,10
337,12
337,13
337,15
338,0
338,1
338,3
338,4
339,1
339,3
339,4
339,6
340,0
340,2
340,3
340,5
341,1
341,2
341,4
341,5
342,0
342,2
342,3
343,0
343,1
343,3
343,5
345,0
345,2
345,3
346,1
346,2
347,0
347,2
347,3
347,5
348,0
348,2
348,4
348,5
349,0
349,1
349,3
349,4
350,1
350,3
351,0
351,2
351,3
352,1
352,3
352,4
353,1
353,2
354,0
354,1
354,3
354,5
354,6
355,0
355,1
355,3
356,1
356,2
356,4
357,0
357,2
357,4
357,5
358,1
358,2
358,4
358,5
359,1
359,3
360,0
360,2
360,3
361,1
361,3
362,0
362,2
362,3
363,0
363,1
363,3
364,1
364,2
365,0
365,1
365,3
366,0
366,1
366,3
366,4
367,1
367,2
368,0
368,2
368,3
368,5
368,6
369,1
369,3
369,4
370,0
370,1
370,3
370,5
370,6
370,8
371,0
371,2
371,3
371,5
372,1
372,2
372,4
372,5
373,0
373,2
373,3
374,0
374,1
374,3
374,4
375,0
375,2
375,3
376,0
376,1
376,3
377,1
377,2
378,0
378,1
378,3
378,4
379,1
379,3
379,4
380,0
380,1
380,3
381,1
381,2
382,0
382,1
382,3
383,0
383,2
383,4
383,5
384,1
384,2
385,0
385,2
385,3
386,0
386,1
386,3
387,1
387,2
387,4
387,5
387,7
387,8
387,10
387,12
387,13
387,15
387,16
388,1
388,3
388,4
389,1
389,2
389,4
389,5
390,1
390,3
390,4
391,1
391,2
392,0
392,2
392,3
392,5
392,6
392,8
392,9
392,11
393,1
393,2
394,0
394,1
394,3
394,5
394,6
394,8
395,0
395,2
395,4
396,0
396,2
396,3
397,0
397,1
397,3
398,0
398,1
398,3
399,0
399,2
400,0
400,1
400,3
401,0
401,2
401,3
402,1
402,3
402,4
403,0
403,1
403,3
404,0
404,1
404,3
404,4
404,6
405,0
405,2
405,4
405,5
406,1
406,2
406,4
407,0
407,1
407,3
408,0
408,2
408,3
409,1
409,3
410,0
410,2
410,3
411,1
411,3
411,4
412,1
412,2
412,4
413,1
413,2
414,0
414,1
414,3
415,0
415,2
416,0
416,1
416,3
417,0
417,2
417,4
418,0
418,2
418,3
419,1
419,2
419,4
420,1
420,2
421,0
421,1
421,3
421,5
421,6
422,1
422,2
422,4
423,0
423,2
423,4
424,0
424,2
424,3
425,1
425,3
425,4
426,1
426,2
426,4
426,6
427,0
427,2
427,3
428,1
428,2
429,0
429,2
429,3
429,5
429,6
429,8
429,10
429,11
429,13
430,0
430,2
430,3
431,0
431,2
431,3
432,0
432,1
432,3
433,0
433,1
433,3
434,0
434,2
434,3
434,5
434,7
434,8
435,1
435,2
435,4
435,6
436,0
436,2
436,3
436,5
436,6
436,8
437,1
437,2
437,4
437,5
438,1
438,3
439,0
439,2
439,3
440,1
440,3
441,0
441,2
441,3
442,1
442,2
442,4
443,1
443,2
444,0
444,1
444,3
445,1
445,2
445,4
446,0
446,2
446,3
446,5
447,0
447,1
447,3
447,4
447,6
448,1
448,2
448,4
448,5
449,0
449,1
449,3
449,5
450,0
450,2
450,3
451,1
451,3
452,0
452,2
452,3
453,1
453,3
453,4
454,0
454,1
454,3
454,4
455,1
455,3
455,4
456,0
456,1
456,3
457,0
457,1
457,3
458,0
458,2
458,3
459,1
459,3
459,4
459,6
460,0
460,2
461,0
461,1
461,3
461,4
462,1
462,2
462,4
463,0
463,1
463,3
463,4
464,0
464,2
464,3
465,1
465,2
465,4
466,0
466,1
466,3
466,4
467,1
467,2
467,4
468,0
468,1
468,3
469,0
469,2
469,4
470,0
470,2
470,3
471,0
471,1
471,3
471,5
471,6
472,0
472,1
472,3
473,1
473,2
473,4
477,0
477,2
477,3
478,1
478,3
479,0
479,2
479,3
480,1
480,3
481,0
481,2
481,3
482,1
482,2
482,4
483,1
483,2
483,4
483,5
484,0
484,2
484,3
485,1
485,2
485,4
486,1
486,2
487,0
487,1
487,3
487,4
488,1
488,3
488,4
489,1
489,2
490,0
490,2
490,3
491,1
491,2
492,0
492,1
492,3
493,1
493,2
494,0
494,1
494,3
511,1
511,2
512,0
512,1
512,3
513,0
513,2
514,0
514,1
514,3
515,0
515,2
516,0
516,1
516,3
517,0
517,2
517,4
518,0
518,2
518,3
519,0
519,1
519,3
521,1
521,2
522,0
522,1
522,3
523,1
523,2
523,4
523,5
524,1
524,2
525,0
525,2
525,3
526,1
526,2
526,4
527,1
527,2
527,4
529,0
529,2
529,3
530,1
530,3
531,0
531,2
531,3
534,0
534,2
534,3
536,1
536,2
536,4
539,0
539,2
540,0
540,1
540,3
540,4
542,0
542,2
542,3
543,1
543,2
544,0
544,2
544,3
545,1
545,2
546,0
546,1
546,3
547,1
547,2
549,0
549,1
549,3
549,5
549,6
550,1
550,2
550,4
5,6
550,3
550,0
549,4
549,2
547,3
547,0
546,2
545,3
545,0
544,1
543,3
543,0
542,1
540,5
540,2
539,3
539,1
536,3
536,0
534,1
531,4
531,1
530,2
530,0
529,1
527,3
527,0
526,3
526,0
525,1
524,3
524,0
523,3
523,0
522,2
521,3
521,0
519,2
518,4
518,1
517,3
517,1
516,2
515,3
515,1
514,2
513,3
513,1
512,2
511,3
511,0
494,2
493,3
493,0
492,2
491,3
491,0
490,1
489,3
489,0
488,2
488,0
487,2
486,3
486,0
485,3
485,0
484,1
483,6
483,3
483,0
482,3
482,0
481,1
480,2
480,0
479,1
478,2
478,0
477,1
473,3
473,0
472,2
471,7
471,4
471,2
470,4
470,1
469,3
469,1
468,2
467,5
467,3
467,0
466,2
465,5
465,3
465,0
464,1
463,5
463,2
462,5
462,3
462,0
461,2
460,3
460,1
459,5
459,2
459,0
458,1
457,2
456,4
456,2
455,5
455,2
455,0
454,2
453,5
453,2
453,0
452,1
451,2
451,0
450,1
449,4
449,2
448,6
448,3
448,0
447,5
447,2
446,6
446,4
446,1
445,3
445,0
444,2
443,3
443,0
442,3
442,0
441,1
440,2
440,0
439,1
438,2
438,0
437,3
437,0
436,7
436,4
436,1
435,5
435,3
435,0
434,6
434,4
434,1
433,2
432,4
432,2
431,4
431,1
430,4
430,1
429,12
429,9
429,7
429,4
429,1
428,3
428,0
427,1
426,5
426,3
426,0
425,2
425,0
424,1
423,3
423,1
422,3
422,0
421,4
421,2
420,3
420,0
419,3
419,0
418,1
417,3
417,1
416,2
415,3
415,1
414,2
413,3
413,0
412,3
412,0
411,2
411,0
410,1
409,2
409,0
408,1
407,2
406,5
406,3
406,0
405,3
405,1
404,5
404,2
403,4
403,2
402,5
402,2
402,0
401,1
400,2
399,3
399,1
398,2
397,4
397,2
396,4
396,1
395,3
395,1
394,7
394,4
394,2
393,3
393,0
392,10
392,7
392,4
392,1
391,3
391,0
390,2
390,0
389,3
389,0
388,2
388,0
387,14
387,11
387,9
387,6
387,3
387,0
386,2
385,4
385,1
384,3
384,0
383,3
383,1
382,2
381,3
381,0
380,2
379,5
379,2
379,0
378,2
377,3
377,0
376,2
375,4
375,1
374,5
374,2
373,4
373,1
372,6
372,3
372,0
371,4
371,1
370,7
370,4
370,2
369,5
369,2
369,0
368,4
368,1
367,3
367,0
366,2
365,4
365,2
364,3
364,0
363,2
362,4
362,1
361,2
361,0
360,1
359,2
359,0
358,3
358,0
357,3
357,1
356,3
356,0
355,2
354,7
354,4
354,2
353,3
353,0
352,2
352,0
351,1
350,2
350,0
349,2
348,6
348,3
348,1
347,4
347,1
346,3
346,0
345,1
343,4
343,2
342,4
342,1
341,6
341,3
341,0
340,4
340,1
339,5
339,2
339,0
338,2
337,16
337,14
337,11
337,8
337,5
337,3
337,0
336,4
336,2
335,4
335,1
334,3
334,1
333,2
332,3
332,1
331,3
331,0
330,1
329,3
329,0
328,2
328,0
327,2
326,5
326,3
326,0
325,2
324,4
324,2
323,3
323,0
322,3
322,0
321,1
320,5
320,3
320,0
319,5
319,3
319,0
318,1
317,2
317,0
316,1
315,3
315,1
314,4
314,1
313,9
313,6
313,3
313,0
312,2
311,4
311,1
310,5
310,2
309,5
309,2
309,0
308,7
308,4
308,2
307,4
307,1
306,2
306,0
305,2
304,4
304,2
303,3
303,0
302,3
302,1
301,3
301,0
300,2
299,3
299,0
298,6
298,3
298,0
297,1
296,6
296,3
296,0
295,2
294,3
294,0
293,4
293,2
292,9
292,6
292,4
292,1
291,3
291,0
290,2
289,4
289,1
288,3
288,0
287,2
287,0
286,2
285,4
285,1
284,3
284,0
283,1
282,5
282,2
281,4
281,1
280,5
280,2
279,9
279,7
279,4
279,1
278,2
278,0
277,1
276,2
276,0
275,1
274,2
0,200
0,195
0,51
0,50
1,45
3,44
2,44
1,44
3,43
2,43
1,43
3,42
2,42
1,42
3,41
2,41
1,41
3,40
2,40
1,40
3,39
2,39
1,39
3,38
2,38
1,38
3,37
2,37
1,37
3,36
2,36
1,36
3,35
2,35
1,35
3,34
2,34
1,34
3,33
2,33
1,33
3,32
2,32
1,32
3,31
2,31
1,31
3,30
2,30
1,30
3,29
2,29
1,29
3,28
2,28
1,28
3,27
2,27
1,27
3,26
2,26
1,26
3,25
2,25
1,25
3,24
2,24
1,24
3,23
2,23
1,23
3,22
2,22
1,22
3,21
2,21
1,21
3,20
2,20
1,20
3,19
2,19
1,19
3,18
2,18
1,18
3,17
2,17
1,17
3,16
2,16
1,16
3,15
2,15
1,15
3,14
2,14
1,14
3,13
2,13
1,13
3,12
2,12
1,12
3,11
2,11
1,11
3,10
2,10
1,10
3,9
2,9
1,9
3,8
2,8
1,8
3,7
2,7
1,7
3,6
2,6
1,6
3,5
2,5
1,5
3,4
2,4
1,4
3,3
2,3
1,3
0,6
0,5
0,47
0,46
0,49
0,48
0,45
0,61
0,12
0,254
0,10
0,62
0,8
0,192
0,11
0,7
0,4
0,3
